0.1976230350000001
0.233544223
0.25738966899999993
0.3602324269999999
0.14434010300000022
0.12892485199999992
0.01599613600000005
0.08462468600000017
0.015050313999999787
0.069822689
0.03589106700000011
0.09379138900000017
0.06424695000000025
0.07919364299999998
0.18670133100000008
0.314370786
0.11972184800000019
0.201785573
0.13630164199999983
0.21681585499999967
0.3315396359999996
0.33746803599999975
0.19966454599999928
0.34894207700000024
0.18173403499999985
0.42445982500000046
0.12378637000000037
0.38959963399999964
0.06377633999999954
0.29170115600000024
0.02936740999999987
0.21539418600000015
0.05823737399999995
0.20532262800000023
0.1345384919999999
0.14588197900000033
0.14680909600000014
0.15776791800000023
0.10017098600000018
0.21072263199999952
0.10295534900000014
0.20844371100000103
0.02313664100000068
0.17327671099999975
0.0592736519999999
0.20909584300000006
0.05754162199999868
0.09017150100000038
0.02620493599999918
0.04863755600000097
0.042250847000000036
0.03382582400000089
0.021714153999999652
0.012473740999999094
0.00677185300000005
0.0018507119999995325
0.0007859479999989816
0.0004696900000009663
0.22151701700000004
0.3167265910000001
0.1223350510000003
0.29108673899999893
0.1254488389999988
0.23054458500000052
0.03304907399999912
0.265724392000001
0.08275671500000037
0.3425271700000003
0.0932484519999992
0.4126041340000004
0.3545307349999991
0.772873981
0.3312679479999989
0.6172385580000004
0.3041221639999989
0.44996324799999954
0.4350665189999994
0.4649965989999991
0.36501897499999814
0.3369019210000026
0.2889307309999971
0.367470351999998
0.31272645499999996
0.2343943039999985
0.24727403900000056
0.23735447200000337
0.3397935890000028
0.2217621240000014
0.4255410590000004
0.2337553550000031
0.3406760569999996
0.32016106900000096
0.31443124499999797
0.1722783959999994
0.26108665100000295
0.21390095299999956
0.23724497799999966
0.22007180900000023
0.2808293010000007
0.1575945350000012
0.2526952609999995
0.13726915499999848
0.22483358099999862
0.16987271300000018
0.17249708499999983
0.15034019199999804
0.026081665999999615
0.07026941399999842
0.012387758999999221
0.04164642599999979
0.01765439600000107
0.008854977999998681
0.001606086999998979
0.0017624810000000934
0.00047425200000006384
