0.269195466
0.26670915500000003
0.609025927
0.34860198399999964
0.31910544499999993
0.22295822599999982
0.04504420600000003
0.14388735200000013
0.07113547599999981
0.15128482499999985
0.19613625599999995
0.14597035899999966
0.1274649720000003
0.12551581499999998
0.4606398160000005
0.06385748499999977
0.20425020400000005
0.04874674499999987
0.1958846439999995
0.10649222999999974
0.12421967099999964
0.06341844100000049
0.09168844499999995
0.13884381899999987
0.25747715999999965
0.29195007399999984
0.46881811500000037
0.37421278800000035
0.6248058600000004
0.3827722470000001
0.9372545129999992
0.4742228180000012
0.9713493379999996
0.4986912720000003
1.1059153849999994
0.3546769259999998
0.24285585500000018
0.2634265280000001
0.08299060600000097
0.23277974300000004
0.165893316
0.19399046999999925
0.1341263020000003
0.16379155899999986
0.34980646400000026
0.15778765199999967
0.2072932949999995
0.12484333299999939
0.17935091699999894
0.09033327099999866
0.15356155499999957
0.028249676999999807
0.06888464800000094
0.013706319000000633
0.008476921999999831
0.002937744000000464
0.0014563130000002644
0.0005005899999996899
0.2656134259999998
0.6145522439999986
0.1754342109999989
0.46610862700000055
0.20860680299999856
0.5984779310000015
0.2012791820000004
0.5409758049999986
0.26426340900000156
0.48550520499999905
0.3112582859999975
0.38034469700000173
0.33449991999999895
0.6266977669999996
0.2992684610000005
0.6223932800000007
0.4147800470000007
0.49781835299999955
0.3333170960000018
0.9787152379999995
0.44027287799999826
0.7051130820000004
0.384802938
1.3058947310000022
0.42864563599999883
0.8762358020000001
0.40647126900000075
0.7239808699999983
0.4584257749999985
0.5532757960000012
0.3695328559999993
0.3231138819999977
0.22212781600000042
0.20637462799999895
0.24764124900000084
0.1578842129999991
0.24579128499999925
0.13340020400000085
0.17053975200000338
0.29615652800000447
0.14232126600000328
0.30869688100000303
0.1580051890000007
0.22459890199999677
0.13921835200000032
0.17495315999999406
0.10851271199999957
0.08022077899999402
0.07721384800000664
0.07603495800000104
0.020816178000004015
0.051345754000003296
0.013855931999998461
0.01039216600000259
0.003134711999997819
0.0015675659999985214
0.0005748350000018831
